monitors:
0 1 2 3 4 5 6 7 8 10 11 12 13 14 15 16 17 18 20 21 22 
monitors数目:
21
SDN node:

links:
0   2
0   6
0   15
1   6
1   12
1   3
1   17
1   22
1   11
10   2
10   9
11   21
11   9
12   18
12   16
12   13
13   2
14   19
14   8
15   9
15   4
15   3
15   8
16   9
16   19
16   6
16   22
17   20
18   6
18   5
19   21
2   20
2   9
20   6
4   7
5   6
7   8
paths:
2 0 6 
2 0 15 
2 0 6 1 
15 3 1 
2 13 12 
6 1 12 
2 0 15 3 
2 20 17 
6 1 17 
2 9 16 22 
6 1 22 
2 9 11 
6 1 11 
15 9 11 
2 10 
15 9 10 
1 11 9 10 
2 9 11 21 
2 0 6 18 
1 12 18 
2 9 16 
6 16 
1 12 16 
21 19 16 
2 13 
2 0 15 8 14 
6 16 19 14 
11 21 19 14 
2 0 15 8 
2 0 15 4 
2 20 
6 20 
2 0 6 5 
12 18 5 
2 0 15 4 7 
21 19 14 8 7 
0 2 
