monitors:
0 1 2 3 4 5 6 7 8 9 10 11 12 13 15 16 18 19 20 
monitors数目:
19
SDN node:
0 1 2 3 4 5 6 7 8 9 10 11 12 13 15 16 18 19 20 
links:
0   2
0   6
0   15
1   6
1   12
1   3
1   17
1   22
1   11
10   2
10   9
11   21
11   9
12   18
12   16
12   13
13   2
14   19
14   8
15   9
15   4
15   3
15   8
16   9
16   19
16   6
16   22
17   20
18   6
18   5
19   21
2   20
2   9
20   6
4   7
5   6
7   8
paths:
0 2 
0 6 
0 15 
1 3 
1 6 
1 11 
1 12 
1 22 16 
1 17 20 
2 9 
2 10 
2 13 
2 20 
3 15 
4 7 
4 15 
5 6 
5 18 
6 16 
6 18 
6 20 
7 8 
8 15 
8 14 19 
9 10 
9 11 
9 15 
9 16 
11 21 19 
12 13 
12 16 
12 18 
16 19 
1 17 1 
1 22 1 
8 14 8 
11 21 11 
