monitors:
0 1 2 4 6 7 8 14 15 18 21 
monitors数目:
11
SDN node:
1 2 6 
links:
0   2
0   6
0   15
1   6
1   12
1   3
1   17
1   22
1   11
10   2
10   9
11   21
11   9
12   18
12   16
12   13
13   2
14   19
14   8
15   9
15   4
15   3
15   8
16   9
16   19
16   6
16   22
17   20
18   6
18   5
19   21
2   20
2   9
20   6
4   7
5   6
7   8
paths:
1 12 13 2 
1 3 15 0 2 
1 17 20 2 
1 22 16 9 2 
1 11 9 2 
1 6 
2 10 9 11 1 
2 0 6 
2 20 6 
2 9 16 6 
6 16 12 1 
6 18 12 1 
6 20 17 1 
1 12 1 
1 3 1 
1 17 1 
1 22 1 
1 11 1 
2 0 2 
2 10 2 
2 13 2 
2 9 2 
6 16 6 
6 18 6 
6 5 6 
2 9 15 0 
1 3 15 
1 11 21 
6 16 19 21 
1 12 16 19 14 
1 3 15 8 14 
1 11 21 19 14 
1 3 15 8 
1 3 15 4 
6 5 18 
1 3 15 4 7 
6 16 19 14 8 7 
