id_path:
  3392 -> 2 4 16 9 8 
 14850 -> 2 13 2 
  6659 -> 2 12 22 
  7431 -> 2 23 17 20 17 23 2 
 29192 -> 2 7 2 
 13449 -> 2 18 21 3 10 12 2 
 20610 -> 2 7 19 7 2 
  6800 -> 2 7 19 13 2 
 27924 -> 2 4 16 9 16 4 2 
 24600 -> 2 7 17 23 2 
 25501 -> 2 7 21 18 2 
  5416 -> 2 23 17 23 2 
 20268 -> 2 4 16 5 8 
 27311 -> 2 4 2 
  2736 -> 2 7 6 19 13 2 
  7816 -> 2 12 22 20 15 
  7475 -> 2 18 21 3 21 7 2 
 28169 -> 2 12 10 12 2 
 30648 -> 2 18 21 3 1 16 4 2 
 25785 -> 2 12 10 16 4 2 
  5823 -> 2 18 21 3 14 3 21 18 2 
 19392 -> 2 18 21 3 11 10 12 2 
  2882 -> 2 13 17 23 2 
 22987 -> 2 4 16 9 15 20 17 23 2 
 24905 -> 2 23 17 20 22 12 
  1739 -> 2 7 6 7 2 
  8269 -> 2 7 1 16 4 2 
  9424 -> 2 4 16 5 16 4 2 
   593 -> 2 18 2 
  9959 -> 2 18 21 3 1 7 2 
 10217 -> 2 12 10 17 23 2 
 24328 -> 2 18 21 3 14 13 2 
 26738 -> 2 18 21 3 21 18 2 
  9591 -> 2 12 2 
 31864 -> 2 23 2 
  5370 -> 2 18 21 3 11 3 21 18 2 
  9467 -> 2 4 16 4 2 
